0,522
0,521
0,520
0,519
0,518
87,57
87,56
87,55
87,54
87,53
87,52
87,51
87,50
87,49
87,48
87,47
87,46
87,45
87,44
87,43
87,42
87,41
87,40
87,39
87,38
87,37
87,36
87,35
0,517
0,516
0,515
0,514
0,513
0,512
0,511
0,510
0,509
0,508
0,507
0,506
0,505
0,504
0,503
0,502
0,501
0,500
0,499
58,4
31,6
0,498
0,497
31,5
0,496
0,495
39,1
39,3
40,1
40,3
56,5
56,1
56,4
0,494
0,493
0,492
31,1
31,7
0,491
0,490
0,489
0,488
0,487
0,486
0,485
55,2
0,484
0,483
0,482
0,481
25,2
0,480
0,479
0,478
0,477
37,2
0,476
0,475
0,474
0,243
0,473
0,472
38,2
0,471
0,470
43,2
0,469
0,468
0,467
46,2
37,4
37,1
37,3
38,4
38,1
38,3
34,6
34,5
0,466
0,465
36,2
34,3
34,1
34,4
0,464
0,463
0,462
0,461
0,460
30,4
41,3
41,1
41,4
64,1
64,3
69,1
69,3
59,1
59,5
58,1
58,3
14,4
0,273
0,270
3,2
3,1
3,3
10,209
10,76
10,116
